501
710
246
154
35
629
816
466
299
55
814
836
553
254
389
840
507
334
837
538
880
342
862
343
834
119
595
756
97
861
62
502
675
218
184
120
737
571
140
403
238
990
799
707
569
338
140
944
88
711
528
253
497
328
373
925
674
458
431
197
685
968
906
384
443
967
188
660
280
938
269
468
697
779
1000
358
14
546
697
80
78
778
200
952
650
344
576
500
486
840
602
389
192
545
772
764
68
531
407
452
396
593
927
603
909
706
148
558
979
779
157
340
890
975
201
913
27
77
462
855
30
64
851
253
157
527
444
556
740
30
777
580
27
216
371
412
114
180
337
441
481
239
969
356
252
123
513
470
294
604
340
504
999
317
261
371
425
481
786
165
370
840
602
6
813
576
191
560
512
162
213
315
56
43
382
957
180
297
447
380
893
99
619
834
582
995
228
407
407
807
54
680
600
857
531
682
82
22
141
910
887
270
116
767
108
755
664
147
741
115
16
847
888
975
255
740
425
964
966
544
479
917
485
687
487
553
320
552
502
233
147
286
134
726
430
170
565
894
746
297
586
742
624
349
162
66
904
65
133
955
817
898
923
365
796
712
978
622
808
942
90
711
556
963
935
911
664
7
150
768
279
592
34
481
61
282
322
980
766
586
283
494
210
684
768
155
656
970
699
661
595
299
577
424
286
747
260
335
44
179
265
758
151
267
977
795
416
62
562
456
757
508
809
284
259
931
795
933
600
277
51
389
53
961
843
318
898
398
486
793
658
299
177
735
243
843
259
617
848
282
70
189
959
546
960
151
702
934
38
958
99
753
353
101
769
749
905
263
942
786
905
331
807
242
34
143
387
8
703
972
385
296
225
604
453
425
520
837
477
36
574
505
524
190
849
841
121
586
365
313
256
202
927
848
483
915
708
420
391
537
383
18
200
656
575
190
732
26
680
915
231
554
122
855
291
885
682
462
320
524
266
102
533
448
221
712
907
501
147
969
846
875
276
518
772
59
734
87
172
416
849
538
793
2
483
354
727
968
242
129
470
186
834
667
276
770
612
617
683
494
467
531
999
260
307
18
827
543
453
581
505
768
949
731
446
460
732
241
437
742
490
271
686
578
160
951
72
545
179
289
122
665
662
526
807
839
989
604
494
404
198
194
514
85
433
83
204
376
173
332
610
138
957
594
762
833
999
257
448
173
358
61
767
870
292
925
789
456
419
787
516
969
458
117
188
703
799
497
204
120
3
834
471
407
425
381
975
946
190
544
410
764
404
942
156
57
720
183
789
192
276
546
152
452
500
521
400
230
647
473
304
877
207
189
189
25
113
80
582
24
3
18
723
755
458
890
171
401
124
600
214
688
942
936
464
287
404
889
142
500
785
296
626
19
387
390
512
19
524
45
956
972
253
90
281
708
702
158
187
710
365
138
228
303
498
286
866
610
323
256
326
254
825
648
493
697
112
514
744
348
919
746
790
788
336
824
900
165
244
60
774
746
86
467
287
458
582
295
20
824
920
311
99
765
407
976
297
438
837
966
298
882
855
850
961
623
664
322
385
995
786
945
244
750
56
186
277
141
880
819
82
312
55
887
762
60
930
313
191
620
416
425
712
365
122
586
187
573
671
986
72
905
240
930
377
763
679
413
824
432
649
9
966
543
931
283
140
825
169
861
470
129
375
790
565
809
955
230
714
776
508
752
775
254
862
927
871
783
66
811
625
21
589
465
897
132
438
80
443
21
515
572
624
182
812
751
753
707
94
659
440
503
621
341
124
511
260
77
21
916
284
612
202
925
440
180
766
593
51
483
959
145
212
491
893
786
594
8
299
353
312
188
981
561
516
808
815
967
803
899
627
999
977
649
761
47
844
260
689
100
554
933
992
432
343
298
12
847
252
158
70
349
274
776
846
732
933
324
344
506
222
993
217
549
605
347
413
198
809
999
39
451
581
993
73
448
373
806
844
378
528
403
176
937
955
48
632
808
568
245
723
871
313
24
63
948
142
695
161
463
96
530
674
729
842
761
74
324
932
373
962
231
893
286
724
501
758
785
785
332
940
784
380
201
327
370
709
720
298
849
458
113
829
889
59
743
636
608
726
415
766
152
984
568
169
650
673
329
917
336
863
327
438
644
921
918
758
406
283
829
48
745
181
888
779
429
628
286
488
96
891
950
53
815
743
933
214
232
397
872
517
43
911
641
784
318
872
145
140
519
206
758
91
797
68
983
544
532
706
760
978
845
391
618
69
36
299
90
581
119
444
632
51
91
377
21
322
747
198
932